dim 70 120 120
putsphere 0 50 4 52 0.5 0.5 0.5 1.0
cutbox 0 70 0 120 7 70
cutsphere 0 50 0 50
cutbox 0 70 0 120 0 3
cutbox 0 70 0 50 0 70
putsphere 8 110 11 5 1.0 0 0 1.0
putsphere 8 98 11 5 1.0 1.0 0 1.0
putsphere 8 86 11 5 0 1.0 0 1.0
cutbox 0 17 0 120 0 10
putbox 0 17 80 117 7 13 0 0 0 1.0
putbox 6 9 82 115 3 7 0.5 0.5 0.5 1.0
putbox 6 50 97 100 3 7 0.5 0.5 0.5 1.0
putbox 48 53 0 100 3 7 0.5 0.5 0.5 1.0
putbox 43 55 2 3 0 10 0 0.4 0 1.0
putbox 43 55 0 2 0 10 0.36 0.25 0.2 1.0
putbox 0 42 0 2 0 120 0 0 0 1.0
putbox 20 22 1 2 27 37 1.0 1.0 1.0 1.0
putbox 20 22 1 2 39 49 1.0 1.0 1.0 1.0
putbox 20 22 1 2 51 61 1.0 1.0 1.0 1.0
putbox 20 22 1 2 63 73 1.0 1.0 1.0 1.0
putbox 20 22 1 2 75 85 1.0 1.0 1.0 1.0
putbox 20 22 1 2 87 97 1.0 1.0 1.0 1.0
putbox 20 22 1 2 99 109 1.0 1.0 1.0 1.0
putbox 20 22 1 2 111 120 1.0 1.0 1.0 1.0
putbox 20 22 1 2 27 37 1.0 1.0 1.0 1.0
putbox 2 5 1 2 4 25 1.0 1.0 1.0 1.0
putbox 7 10 1 2 4 25 1.0 1.0 1.0 1.0
putbox 12 15 1 2 4 25 1.0 1.0 1.0 1.0
putbox 17 20 1 2 4 25 1.0 1.0 1.0 1.0
putbox 22 25 1 2 4 25 1.0 1.0 1.0 1.0
putbox 27 30 1 2 4 25 1.0 1.0 1.0 1.0
putbox 32 35 1 2 4 25 1.0 1.0 1.0 1.0
putbox 37 40 1 2 4 25 1.0 1.0 1.0 1.0
putbox 42 44 0 3 0 25 1.0 1.0 1.0 1.0
putbox 42 44 0 4 25 35 1.0 1.0 0 1.0
putbox 42 44 0 4 37 47 1.0 1.0 0 1.0
putbox 42 44 0 4 49 59 1.0 1.0 0 1.0
putbox 42 44 0 4 61 71 1.0 1.0 0 1.0
putbox 42 44 0 4 73 83 1.0 1.0 0 1.0
putbox 42 44 0 4 85 95 1.0 1.0 0 1.0
putbox 42 44 0 4 97 107 1.0 1.0 0 1.0
putbox 42 44 0 4 109 120 1.0 1.0 0 1.0
putbox 42 44 0 2 0 120 0 0 0 1.0
putbox 44 55 0 3 10 120 0.5 0.5 0.5 1.0